Medium 1
000008700
006002500
452000086
970800000
000100400
060000005
003096078
000081043
190040050
Hard 1
003007080
080900400
000603071
700300010
040801069
000050030
000100006
000000000
062090000
Hard 2
000000300
040687000
000010070
000340000
800000004
403000065
005400000
000160080
019038700
Hard 3
090200080
060030900
000907100
005090030
007603809
039010400
073509600
008070000
026004090
Hard 4
000001000
802007006
060000032
006300005
003000700
400009300
690000010
100900204
000700000
Expert 1
600900700
000078000
010005300
000300000
080700003
040000650
109000007
304106800
000000000
Expert 2
000090605
080106000
040003010
600005007
000000000
001678340
000000001
000304000
200000400
Expert 3
800600010
027000090
000540002
000005900
601020000
040700000
000100060
400090080
006000700
Expert 4
600100020
004000000
050624700
207080000
340000058
000040107
008451070
000000500
060002009
Expert 5
302000800
000007020
016008009
000005090
500104007
040600000
100900370
030700000
004000105
Expert 6 (Backtracking)
020608009
700001500
500000002
000002345
090010006
005007000
070000910
000300000
600000000
Pointing 1
984000000
002500040
001904002
006097230
003602000
209035610
195768423
427351896
638009751
Pointing 2
340006070
080000930
002030060
000010000
097364850
000002000
000000000
000608090
000923785
X Wing 1 (Backtracking)
023070060
070206403
460010702
080600100
014709630
006001020
008030206
051807349
000000850
X-Wing 2
003800510
008700930
100305728
000200849
801906257
000500163
964127385
382659471
010400692
XY Wing1
800360900
009010863
063089005
924673158
386951724
571824396
432196587
698537000
000248639
XY Wing2
714060538
800453007
356718429
000024085
400000302
285376941
978631254
000007006
000000003
XYZ Wing 1
869453721
000921568
215800439
621534987
407610352
000200146
000102803
932785614
100340205
XYZ Wing 2
673080209
514092003
982000005
167359002
809010536
005800791
006140928
001008354
008000167
XYZ Wing 3
023005900
400002000
680901004
206010050
800506001
050020600
560103482
008200067
002600190
Expert 5
105900760
028003000
006000080
004000510
800040000
050000800
009000100
000560090
000020003
Expert 6
068000910
190008000
342591007
680010400
019070000
034850100
026180005
051000020
073025091
Expert 7
906871000
801340760
073200810
085100007
034000006
000004000
300910670
007603005
000407030
Expert 8
105079480
802100597
970850160
209008715
016500839
058910246
591006308
080095601
627381954
Expert 9 Jelly Fish
060309080
003000600
200060001
080103090
000070000
070206050
700030004
009000800
030501070
Expert 10 Sword Fish
057360284
604825000
280704650
092406000
361907042
045132096
406200075
020570460
578640320
Expert 11 (Unsolve)
135000084
946100257
728040013
094001830
810090740
057400100
081007400
069014378
470809561


